1 1000 10
1 2000 2488
1 3000 4958
1 4000 7652
1 5000 9857
1 6000 12921
1 7000 16055
1 8000 18021
1 9000 20975
1 10000 22942
1 11000 27363
1 12000 28328
1 13000 30512
1 14000 33125
1 15000 36453
1 16000 41873
1 17000 44468
1 18000 43630
1 19000 45079
1 20000 49630
1 21000 52643
1 22000 56160
1 23000 57434
1 24000 59291
1 25000 63541
1 26000 64341
1 27000 66105
1 28000 66118
1 29000 74417
1 30000 73626
1 31000 79314
1 32000 83055
1 33000 85612
1 34000 85283
1 35000 88015
1 36000 90291
1 37000 95453
1 38000 93912
1 39000 96136
1 40000 100532
1 41000 102339
1 42000 105285
1 43000 123833
1 44000 109191
1 45000 115004
1 46000 116155
1 47000 120477
1 48000 120113
1 49000 123373
1 50000 127479
1 51000 137704
1 52000 132392
1 53000 138545
1 54000 140663
1 55000 140112
1 56000 141900
1 57000 148220
1 58000 161010
1 59000 146030
1 60000 154338
1 61000 157033
1 62000 156593
1 63000 161709
1 64000 175423
1 65000 174728
1 66000 167830
1 67000 170325
1 68000 175714
1 69000 180542
1 70000 197710
1 71000 179972
1 72000 196833
1 73000 191079
1 74000 191002
1 75000 208578
1 76000 198593
1 77000 199451
1 78000 199530
1 79000 203953
1 80000 213488
1 81000 207999
1 82000 207973
1 83000 209058
1 84000 214658
1 85000 231157
1 86000 219329
1 87000 221897
1 88000 223355
1 89000 243874
1 90000 229269
1 91000 231720
1 92000 236473
1 93000 243884
1 94000 240372
1 95000 244592
1 96000 245512
1 97000 251217
1 98000 256547
1 99000 255257
1 100000 254972
