1 1000 22
1 2000 6
1 3000 10
1 4000 13
1 5000 16
1 6000 19
1 7000 24
1 8000 25
1 9000 30
1 10000 32
1 11000 34
1 12000 38
1 13000 41
1 14000 72
1 15000 55
1 16000 60
1 17000 63
1 18000 61
1 19000 59
1 20000 63
1 21000 70
1 22000 68
1 23000 71
1 24000 73
1 25000 75
1 26000 80
1 27000 82
1 28000 86
1 29000 89
1 30000 93
1 31000 102
1 32000 98
1 33000 110
1 34000 105
1 35000 107
1 36000 115
1 37000 114
1 38000 117
1 39000 120
1 40000 124
1 41000 127
1 42000 134
1 43000 133
1 44000 136
1 45000 144
1 46000 164
1 47000 148
1 48000 150
1 49000 162
1 50000 156
1 51000 165
1 52000 161
1 53000 169
1 54000 175
1 55000 170
1 56000 181
1 57000 178
1 58000 179
1 59000 183
1 60000 185
1 61000 196
1 62000 227
1 63000 260
1 64000 253
1 65000 210
1 66000 222
1 67000 204
1 68000 210
1 69000 220
1 70000 224
1 71000 220
1 72000 232
1 73000 226
1 74000 228
1 75000 232
1 76000 235
1 77000 237
1 78000 240
1 79000 243
1 80000 247
1 81000 250
1 82000 254
1 83000 256
1 84000 269
1 85000 263
1 86000 268
1 87000 269
1 88000 282
1 89000 275
1 90000 332
1 91000 374
1 92000 361
1 93000 364
1 94000 313
1 95000 338
1 96000 330
1 97000 302
1 98000 327
1 99000 305
1 100000 311
