1 1000 20
1 2000 17
1 3000 24
1 4000 30
1 5000 36
1 6000 42
1 7000 50
1 8000 54
1 9000 62
1 10000 68
1 11000 73
1 12000 79
1 13000 87
1 14000 92
1 15000 98
1 16000 104
1 17000 127
1 18000 117
1 19000 123
1 20000 130
1 21000 135
1 22000 141
1 23000 148
1 24000 154
1 25000 161
1 26000 167
1 27000 174
1 28000 184
1 29000 235
1 30000 247
1 31000 259
1 32000 251
1 33000 307
1 34000 300
1 35000 224
1 36000 232
1 37000 254
1 38000 261
1 39000 251
1 40000 262
1 41000 264
1 42000 267
1 43000 284
1 44000 284
1 45000 291
1 46000 300
1 47000 364
1 48000 363
1 49000 319
1 50000 321
1 51000 322
1 52000 331
1 53000 336
1 54000 342
1 55000 347
1 56000 355
1 57000 371
1 58000 366
1 59000 417
1 60000 389
1 61000 386
1 62000 392
1 63000 398
1 64000 550
1 65000 565
1 66000 570
1 67000 645
1 68000 643
1 69000 555
1 70000 464
1 71000 449
1 72000 450
1 73000 498
1 74000 491
1 75000 510
1 76000 481
1 77000 486
1 78000 483
1 79000 504
1 80000 512
1 81000 526
1 82000 528
1 83000 535
1 84000 537
1 85000 541
1 86000 591
1 87000 555
1 88000 544
1 89000 824
1 90000 752
1 91000 588
1 92000 580
1 93000 590
1 94000 610
1 95000 608
1 96000 613
1 97000 615
1 98000 617
1 99000 629
1 100000 645
