1 1000 12
1 2000 16
1 3000 17
1 4000 35
1 5000 33
1 6000 39
1 7000 47
1 8000 48
1 9000 55
1 10000 61
1 11000 68
1 12000 74
1 13000 80
1 14000 86
1 15000 93
1 16000 99
1 17000 106
1 18000 112
1 19000 118
1 20000 134
1 21000 157
1 22000 173
1 23000 178
1 24000 188
1 25000 195
1 26000 216
1 27000 216
1 28000 244
1 29000 226
1 30000 215
1 31000 231
1 32000 214
1 33000 219
1 34000 236
1 35000 253
1 36000 229
1 37000 236
1 38000 238
1 39000 259
1 40000 301
1 41000 330
1 42000 379
1 43000 326
1 44000 306
1 45000 289
1 46000 289
1 47000 340
1 48000 341
1 49000 353
1 50000 332
1 51000 361
1 52000 374
1 53000 343
1 54000 342
1 55000 356
1 56000 373
1 57000 369
1 58000 375
1 59000 392
1 60000 388
1 61000 391
1 62000 406
1 63000 404
1 64000 411
1 65000 425
1 66000 423
1 67000 430
1 68000 429
1 69000 442
1 70000 449
1 71000 455
1 72000 514
1 73000 473
1 74000 498
1 75000 489
1 76000 536
1 77000 507
1 78000 528
1 79000 513
1 80000 565
1 81000 532
1 82000 533
1 83000 544
1 84000 545
1 85000 556
1 86000 558
1 87000 648
1 88000 600
1 89000 578
1 90000 585
1 91000 591
1 92000 597
1 93000 613
1 94000 686
1 95000 652
1 96000 679
1 97000 650
1 98000 664
1 99000 653
1 100000 662
